=========================================================
   REPORTE DE CODIFICACION ARITMETICA ADAPTATIVA
=========================================================

MENSAJE ORIGINAL:
---------------------------------------------------------
Una corona di spine sarà il dress-code per la mia festa

TOTAL DE SIMBOLOS:
---------------------------------------------------------
55 simbolos

PROCESO DE CODIFICACION:
----------------------------------------------------------------------------------------------------------------------------
PASO    SIMBOLO        INF. ANTERIOR       SUP. ANTERIOR       NUEVO INF.          NUEVO SUP.
----------------------------------------------------------------------------------------------------------------------------
1       U              0.0000000000        1.0000000000        0.1111111111        0.1666666667
2       n              0.1111111111        0.1666666667        0.1461988304        0.1491228070
3       a              0.1461988304        0.1491228070        0.1467836257        0.1469298246
4       [ESPACIO]      0.1467836257        0.1469298246        0.1467836257        0.1467905876
5       c              0.1467836257        0.1467905876        0.1467858409        0.1467861573
6       o              0.1467858409        0.1467861573        0.1467860748        0.1467860885
7       r              0.1467860748        0.1467860885        0.1467860862        0.1467860868
8       o              0.1467860862        0.1467860868        0.1467860866        0.1467860867
9       n              0.1467860866        0.1467860867        0.1467860866        0.1467860866
10      a              0.1467860866        0.1467860866        0.1467860866        0.1467860866
11      [ESPACIO]      0.1467860866        0.1467860866        0.1467860866        0.1467860866
12      d              0.1467860866        0.1467860866        0.1467860866        0.1467860866
13      i              0.1467860866        0.1467860866        0.1467860866        0.1467860866
14      [ESPACIO]      0.1467860866        0.1467860866        0.1467860866        0.1467860866
15      s              0.1467860866        0.1467860866        0.1467860866        0.1467860866
16      p              0.1467860866        0.1467860866        0.1467860866        0.1467860866
17      i              0.1467860866        0.1467860866        0.1467860866        0.1467860866
18      n              0.1467860866        0.1467860866        0.1467860866        0.1467860866
19      e              0.1467860866        0.1467860866        0.1467860866        0.1467860866
20      [ESPACIO]      0.1467860866        0.1467860866        0.1467860866        0.1467860866
21      s              0.1467860866        0.1467860866        0.1467860866        0.1467860866
22      a              0.1467860866        0.1467860866        0.1467860866        0.1467860866
23      r              0.1467860866        0.1467860866        0.1467860866        0.1467860866
24      à              0.1467860866        0.1467860866        0.1467860866        0.1467860866
25      [ESPACIO]      0.1467860866        0.1467860866        0.1467860866        0.1467860866
26      i              0.1467860866        0.1467860866        0.1467860866        0.1467860866
27      l              0.1467860866        0.1467860866        0.1467860866        0.1467860866
28      [ESPACIO]      0.1467860866        0.1467860866        0.1467860866        0.1467860866
29      d              0.1467860866        0.1467860866        0.1467860866        0.1467860866
30      r              0.1467860866        0.1467860866        0.1467860866        0.1467860866
31      e              0.1467860866        0.1467860866        0.1467860866        0.1467860866
32      s              0.1467860866        0.1467860866        0.1467860866        0.1467860866
33      s              0.1467860866        0.1467860866        0.1467860866        0.1467860866
34      -              0.1467860866        0.1467860866        0.1467860866        0.1467860866
35      c              0.1467860866        0.1467860866        0.1467860866        0.1467860866
36      o              0.1467860866        0.1467860866        0.1467860866        0.1467860866
37      d              0.1467860866        0.1467860866        0.1467860866        0.1467860866
38      e              0.1467860866        0.1467860866        0.1467860866        0.1467860866
39      [ESPACIO]      0.1467860866        0.1467860866        0.1467860866        0.1467860866
40      p              0.1467860866        0.1467860866        0.1467860866        0.1467860866
41      e              0.1467860866        0.1467860866        0.1467860866        0.1467860866
42      r              0.1467860866        0.1467860866        0.1467860866        0.1467860866
43      [ESPACIO]      0.1467860866        0.1467860866        0.1467860866        0.1467860866
44      l              0.1467860866        0.1467860866        0.1467860866        0.1467860866
45      a              0.1467860866        0.1467860866        0.1467860866        0.1467860866
46      [ESPACIO]      0.1467860866        0.1467860866        0.1467860866        0.1467860866
47      m              0.1467860866        0.1467860866        0.1467860866        0.1467860866
48      i              0.1467860866        0.1467860866        0.1467860866        0.1467860866
49      a              0.1467860866        0.1467860866        0.1467860866        0.1467860866
50      [ESPACIO]      0.1467860866        0.1467860866        0.1467860866        0.1467860866
51      f              0.1467860866        0.1467860866        0.1467860866        0.1467860866
52      e              0.1467860866        0.1467860866        0.1467860866        0.1467860866
53      s              0.1467860866        0.1467860866        0.1467860866        0.1467860866
54      t              0.1467860866        0.1467860866        0.1467860866        0.1467860866
55      a              0.1467860866        0.1467860866        0.1467860866        0.1467860866
----------------------------------------------------------------------------------------------------------------------------

RESULTADOS FINALES:
---------------------------------------------------------
Intervalo final: [0.14678608664334536, 0.14678608664334536)
Codigo aritmetico final: 0.14678608664334536
Codigo binario final: 00100101100100111100010111100001
